167714.3200591
